n = 3.3996662
taudiff = 0.013582201
SP = 111187599
offset = 0.0033828742